[deepthi.jpg]
filters=CrossProcess=1,71.345032;TwoTone=1,-35.000004,36.257309,72.514618,00004488,00ffff00;TwoTone=1,-58.333336,20.000000,66.081871,00004488,00ffff00;
moddate=9977a5936cdace01
width=954
height=717
textactive=0
[prasanna.jpg]
filters=TwoTone=1,-33.888889,22.807016,64.912285,00004488,00ffff00;
moddate=00b8209e5534cb01
width=1015
height=760
textactive=0
[deeksha.jpg]
filters=TwoTone=1,-60.555557,11.695907,57.309944,00004488,00ffff00;CrossProcess=1,74.269012;
moddate=00d0c8d56fd8ce01
width=3151
height=2365
textactive=0
[aakriti.jpg]
filters=TwoTone=1,-76.111115,42.690060,62.573097,00004488,00ffff00;
moddate=803dacac77d8ce01
width=735
height=551
textactive=0
